    // self-signed keystore auto-generated Mon Aug 29 20:53:32 PDT 2016
    //
    // See ../ssl/run.sh
    //
    val keystore = byteArrayOf(
            -2, -19, -2, -19, 0, 0, 0, 2, 
            0, 0, 0, 1, 0, 0, 0, 1, 
            0, 4, 115, 101, 108, 102, 0, 0, 
            1, 86, -39, -108, -94, 76, 0, 0, 
            5, 0, 48, -126, 4, -4, 48, 14, 
            6, 10, 43, 6, 1, 4, 1, 42, 
            2, 17, 1, 1, 5, 0, 4, -126, 
            4, -24, 95, 25, -81, 78, -65, -22, 
            -52, 60, 120, 27, -123, 13, 75, -3, 
            -112, -114, -118, -4, -28, 55, -30, 4, 
            102, -36, 32, 71, -43, 12, 124, 60, 
            51, -124, 10, -102, -75, 9, 102, 118, 
            -95, -30, 30, -7, -75, -74, -57, -122, 
            -4, 81, -5, 83, -39, 77, 123, -98, 
            33, 119, 18, -64, -125, 91, 27, -110, 
            -26, -78, -30, 111, -11, -92, 32, 85, 
            30, -40, 78, -63, -83, 3, 96, 20, 
            -83, -43, 23, -102, -93, -10, -104, -11, 
            -78, 124, 23, -43, -105, -103, -78, -125, 
            30, -74, -108, -105, -8, -120, -120, 106, 
            -79, 68, 93, -15, 78, -89, 2, -124, 
            -79, -95, -32, 105, -27, -71, 75, 8, 
            47, -73, -100, -112, 36, 31, 96, 35, 
            109, 72, -89, -34, -31, 120, 13, -22, 
            -47, -105, 95, 22, 15, -47, -100, -79, 
            -57, -61, 101, -19, 59, -99, -103, 53, 
            -20, -106, -54, 4, 90, -8, -33, 97, 
            -61, -86, -126, 49, 56, 76, 39, -71, 
            87, 126, 4, 91, -76, 56, 34, -58, 
            42, 118, 118, 99, -99, -24, -3, 9, 
            -22, 24, -77, -109, 102, -98, -72, -32, 
            -92, 40, 0, -5, 28, -118, 15, 118, 
            78, 54, 116, 122, 117, 80, -14, 75, 
            113, -62, 84, 60, 27, -120, -23, 126, 
            -86, 121, -121, 27, 87, -101, 70, 109, 
            120, 29, 19, 54, 28, -29, -121, 80, 
            121, 62, -10, 55, -13, -49, -106, 88, 
            -49, 70, 91, -107, 107, 47, -128, -93, 
            25, -97, -44, 60, -74, 88, 84, -60, 
            -70, -65, 1, -96, -11, 111, 41, 103, 
            10, -22, 44, 32, 39, 71, -75, -103, 
            21, -105, -40, 111, 65, -69, -64, 52, 
            -97, 17, -10, 38, -65, 64, 41, -93, 
            127, -112, 41, 37, -71, -27, 23, -63, 
            82, -79, 108, 123, 118, -100, -101, 61, 
            -50, -29, 116, 51, -53, 88, -7, -122, 
            7, 40, 53, -46, -69, -104, -88, 111, 
            68, -15, -96, 58, 89, 102, -38, -10, 
            -17, 111, -85, -106, 35, 44, 104, 3, 
            11, -82, 57, -61, 96, -97, -56, 124, 
            -40, -102, 79, 92, -58, 67, -82, -62, 
            111, 46, -41, -105, -14, 71, -115, 50, 
            -33, 105, 37, -100, -116, 82, -48, -93, 
            41, -5, -85, 15, -119, 47, 9, 29, 
            53, 5, 89, -123, 29, 121, 53, -116, 
            44, 13, -17, 81, 98, -57, -102, 48, 
            87, -105, 94, 65, -33, -110, 66, 91, 
            -47, -125, 90, -59, -37, -42, 101, 122, 
            14, 95, 110, 33, 62, 67, 15, 9, 
            11, -80, -50, -61, -8, -18, 107, -79, 
            96, -67, -86, 62, -44, -6, 125, 102, 
            -44, 85, -27, -86, 87, -91, 125, -54, 
            -96, -16, -106, -7, -38, 127, 52, 89, 
            -116, 9, 85, -29, 111, -71, 107, 58, 
            53, 56, -18, 24, -13, 44, -118, -12, 
            100, -53, -87, 66, -36, -50, -103, 37, 
            -49, 72, -101, -101, -95, 63, 60, 110, 
            25, 125, 103, 62, -16, 48, 12, 17, 
            30, -92, 50, -84, -109, 125, -12, -91, 
            -86, -57, -60, -98, 40, 96, -79, 92, 
            71, -26, -74, -105, 6, 126, -126, 41, 
            125, -99, -112, 93, -74, -50, -35, -22, 
            -108, 52, 114, -122, -96, 61, -96, -33, 
            -28, 106, 124, -125, -119, 78, -78, 71, 
            -100, -61, -52, 71, -2, 33, 7, 67, 
            56, -9, 89, 95, -82, 121, -74, 121, 
            74, -114, 109, -93, -5, 86, 60, 84, 
            -14, -103, -116, 100, -26, 39, 75, 53, 
            -43, 68, -86, 90, -60, 94, -99, -25, 
            109, 3, -86, -81, -81, 102, 92, 46, 
            94, 97, 55, -74, 18, -125, 52, 106, 
            -112, -21, -37, -115, -10, 43, -95, 68, 
            -113, 59, 47, -69, -76, 30, -37, 50, 
            89, 3, 116, 124, 12, 32, 91, -108, 
            -25, 28, -109, 78, 3, -54, 52, 40, 
            109, -91, 97, -40, -115, 84, 64, -30, 
            -105, 73, 34, -77, -102, -74, 99, -28, 
            -121, 41, -34, -36, 45, -121, -18, 94, 
            -53, 100, 115, 96, 63, 52, -86, -38, 
            41, -43, -115, -58, 19, -56, 107, 32, 
            123, -106, -116, -40, -13, -74, -91, 24, 
            -18, -19, 42, 113, 95, 28, 73, -7, 
            118, 25, -90, -21, -46, -16, 35, 121, 
            -106, 74, -44, -83, 79, -71, 10, 28, 
            -79, -65, -92, 40, 23, 70, -42, -91, 
            -31, -19, 27, -108, -121, -126, -33, -4, 
            -45, 76, -18, -119, -108, 14, -82, 101, 
            -21, -94, -122, -118, 107, 77, 111, 94, 
            -12, -55, 72, 23, -41, -63, 21, -34, 
            85, -61, -69, -65, 6, 60, 120, -74, 
            49, -40, 32, -72, 20, 96, 38, 97, 
            -10, 44, 49, 120, 95, 50, -116, 83, 
            -43, 82, 79, -96, 120, -54, 77, -100, 
            -34, 84, -31, 17, -49, -10, -47, 65, 
            26, 122, -52, -17, -100, -22, 0, -93, 
            -108, 111, 45, 54, 95, -122, 81, -89, 
            43, -92, 87, 57, 44, 111, 78, 33, 
            95, -70, -113, 51, 66, 97, 59, -37, 
            -61, -38, -71, 9, 27, -71, 43, 27, 
            33, -20, 118, 3, -122, 31, -23, -89, 
            93, -25, -48, -42, 61, 126, -121, 102, 
            -94, 58, 72, 125, -96, -23, -60, -31, 
            108, -126, -70, -113, 8, 69, 39, -78, 
            7, 2, -35, -29, 89, -96, -127, 1, 
            -85, -75, 16, 109, -84, 110, 34, 67, 
            -114, -40, 115, -88, 40, -99, -70, 105, 
            -17, -117, 46, 104, -33, 60, 28, 108, 
            106, -120, 94, 84, -91, -65, 54, 111, 
            15, 21, 70, -27, -27, -71, 114, -49, 
            44, -33, 106, 32, -36, 2, 42, -21, 
            73, 64, -102, 26, -92, 49, 64, 52, 
            8, -59, -47, -118, 67, 51, -25, -53, 
            -82, -109, -51, 126, -125, -105, -35, 17, 
            -70, 111, -122, -89, -36, -62, 86, 40, 
            -21, 78, -124, -75, 90, 16, 18, -55, 
            -29, -99, -33, -26, -1, 33, -50, 88, 
            -127, -103, -68, -50, -50, 0, -65, 102, 
            60, -48, 2, 107, 26, 41, -35, 59, 
            -121, 5, -78, 97, -15, -111, 124, 54, 
            99, -113, 5, -68, -121, -117, -120, -64, 
            -100, -12, -36, -64, 124, -93, 96, 45, 
            112, -88, 41, -122, 97, 67, 92, 78, 
            -9, -107, 124, -97, -8, -111, -121, -14, 
            28, -43, 11, -95, 2, 113, -69, 83, 
            110, -73, 68, -14, 66, -42, -88, -28, 
            42, 90, 60, -67, 54, 33, 61, -48, 
            -91, -106, -48, -114, 35, 69, 38, 111, 
            124, 73, -51, 4, 101, 4, -33, -97, 
            81, -3, 109, 80, 50, 0, -75, 97, 
            -30, 76, 77, 57, 64, 59, -38, 119, 
            -2, -85, -13, -63, 41, -72, 111, 94, 
            -60, 114, -34, 42, 40, 121, -117, -27, 
            -119, 10, 119, 118, -46, 82, -51, 66, 
            122, -111, -68, 35, 97, -28, -89, -126, 
            -86, -46, -88, -26, 26, 60, 56, 62, 
            -121, 46, -25, -31, -55, -96, -36, -118, 
            -54, 94, 76, -41, -1, 87, -13, 72, 
            -114, 113, 47, 121, 65, 11, 91, 30, 
            111, 47, 8, 47, 110, 63, 120, 51, 
            -123, -44, -118, -62, -52, -40, 93, -78, 
            -14, 37, 26, 18, -43, -8, -126, -37, 
            92, 9, 111, -9, 52, 91, -36, -6, 
            -119, 37, 127, -60, -16, -17, -29, 101, 
            46, -45, -34, -53, 17, -123, -79, -85, 
            78, -20, 48, -32, 48, 82, -13, -115, 
            22, 21, -18, 39, 19, -36, 97, -70, 
            32, 81, 78, 5, 96, -94, 42, -111, 
            -102, -103, 106, 70, -15, -73, -105, -25, 
            -57, -73, 16, -8, -78, -115, -47, -83, 
            -28, -96, -124, -83, -39, -28, 126, -39, 
            106, 116, -5, 34, -48, 127, 107, 15, 
            -29, 27, 127, 125, 110, -28, 115, -12, 
            31, 109, 31, -14, -55, 17, 115, 115, 
            -102, 105, -27, 86, 15, 115, -96, 17, 
            -70, -98, 0, 0, 0, 1, 0, 5, 
            88, 46, 53, 48, 57, 0, 0, 3, 
            119, 48, -126, 3, 115, 48, -126, 2, 
            91, -96, 3, 2, 1, 2, 2, 4, 
            61, -101, 119, 78, 48, 13, 6, 9, 
            42, -122, 72, -122, -9, 13, 1, 1, 
            11, 5, 0, 48, 105, 49, 13, 48, 
            11, 6, 3, 85, 4, 6, 19, 4, 
            78, 111, 110, 101, 49, 13, 48, 11, 
            6, 3, 85, 4, 8, 19, 4, 78, 
            111, 110, 101, 49, 13, 48, 11, 6, 
            3, 85, 4, 7, 19, 4, 78, 111, 
            110, 101, 49, 13, 48, 11, 6, 3, 
            85, 4, 10, 19, 4, 78, 111, 110, 
            101, 49, 13, 48, 11, 6, 3, 85, 
            4, 11, 19, 4, 78, 111, 110, 101, 
            49, 28, 48, 26, 6, 3, 85, 4, 
            3, 19, 19, 110, 111, 116, 46, 118, 
            101, 114, 121, 46, 115, 101, 99, 117, 
            114, 101, 46, 99, 111, 109, 48, 32, 
            23, 13, 49, 54, 48, 56, 51, 48, 
            48, 51, 53, 51, 51, 49, 90, 24, 
            15, 51, 48, 48, 50, 48, 52, 50, 
            52, 48, 51, 53, 51, 51, 49, 90, 
            48, 105, 49, 13, 48, 11, 6, 3, 
            85, 4, 6, 19, 4, 78, 111, 110, 
            101, 49, 13, 48, 11, 6, 3, 85, 
            4, 8, 19, 4, 78, 111, 110, 101, 
            49, 13, 48, 11, 6, 3, 85, 4, 
            7, 19, 4, 78, 111, 110, 101, 49, 
            13, 48, 11, 6, 3, 85, 4, 10, 
            19, 4, 78, 111, 110, 101, 49, 13, 
            48, 11, 6, 3, 85, 4, 11, 19, 
            4, 78, 111, 110, 101, 49, 28, 48, 
            26, 6, 3, 85, 4, 3, 19, 19, 
            110, 111, 116, 46, 118, 101, 114, 121, 
            46, 115, 101, 99, 117, 114, 101, 46, 
            99, 111, 109, 48, -126, 1, 34, 48, 
            13, 6, 9, 42, -122, 72, -122, -9, 
            13, 1, 1, 1, 5, 0, 3, -126, 
            1, 15, 0, 48, -126, 1, 10, 2, 
            -126, 1, 1, 0, -87, -14, 41, -54, 
            71, 51, 45, -77, 59, -114, 127, -87, 
            96, -4, 74, 123, 61, -92, -84, -51, 
            116, -74, -25, -121, 97, 54, 117, -72, 
            -21, -24, -35, -84, 16, -22, 0, 106, 
            49, -117, -2, 88, 40, 40, 88, 112, 
            5, 127, 16, 115, 45, 65, 34, 76, 
            81, 0, -21, -49, 62, -21, 15, -77, 
            56, -99, -113, -101, -69, 93, 115, 110, 
            30, -48, -67, 11, 92, -69, 89, 4, 
            -34, 14, -74, 50, -68, 55, -64, -128, 
            -3, -7, -23, 20, 115, 123, -72, -109, 
            53, 96, -3, 86, 53, 121, -105, -7, 
            -29, 101, 30, 94, -61, 78, 122, -64, 
            87, 0, 105, -52, 68, 18, -27, 1, 
            -11, 94, 110, -83, -86, -88, 43, 112, 
            -14, -83, -103, 52, -77, -11, -11, 51, 
            -47, 52, -60, 88, 82, -60, 71, -85, 
            85, 19, 122, -3, -82, 7, -57, -52, 
            96, 26, 32, 18, -40, 102, -111, 18, 
            -43, 78, -56, 10, -118, 40, 33, 25, 
            27, -11, 79, -4, -99, 30, -108, 85, 
            -122, 126, -46, 97, 91, -41, -8, -94, 
            -12, 60, 124, -56, 63, -60, -126, -1, 
            -27, 36, 12, -7, -81, -78, -92, -66, 
            -30, 91, 53, 93, 10, -81, 74, -67, 
            113, 81, -128, -126, 121, -58, -18, 117, 
            -69, 6, 80, 122, 85, 52, -86, -47, 
            20, 17, -13, 35, 88, -18, -70, -47, 
            57, 97, -50, -105, -39, -51, -113, 114, 
            73, 30, 22, -116, 6, 22, 42, 102, 
            -42, -45, -80, -104, -64, 23, -123, -1, 
            18, 54, 59, -103, 2, 3, 1, 0, 
            1, -93, 33, 48, 31, 48, 29, 6, 
            3, 85, 29, 14, 4, 22, 4, 20, 
            96, 6, 125, 88, -68, -55, 58, 8, 
            4, -59, -36, 11, -14, 127, -79, -66, 
            65, 30, -82, -1, 48, 13, 6, 9, 
            42, -122, 72, -122, -9, 13, 1, 1, 
            11, 5, 0, 3, -126, 1, 1, 0, 
            -125, 101, -11, 17, 95, 108, -74, -50, 
            -25, -31, -32, -105, -117, 6, -57, 94, 
            94, 101, -21, -49, 57, 100, 76, 23, 
            -88, 57, 112, -38, 5, -19, 19, -83, 
            84, -19, -68, 67, 82, 40, -84, 119, 
            -2, -8, 12, 57, 34, 106, -22, 99, 
            57, 7, -118, -58, 122, -99, -89, 5, 
            -45, 80, 110, 51, 36, -106, -118, -11, 
            27, 113, 81, 46, -105, -128, 14, 12, 
            122, -99, -115, -92, 20, -84, -91, -61, 
            111, -120, 103, 59, -103, -127, 56, 127, 
            28, 96, -71, -57, -114, 4, -76, -71, 
            46, -123, 41, 117, -114, 67, 33, 34, 
            35, -27, -64, 112, 88, -38, -69, -95, 
            123, -6, -108, -5, 4, 97, 26, -89, 
            -78, -44, -35, 47, 124, 69, 28, -17, 
            34, 117, -25, 57, 79, -38, -37, 41, 
            -62, 22, 23, -30, -123, 30, -1, 72, 
            66, -21, -41, -21, -118, -31, 0, 69, 
            -55, 71, -49, -89, -6, -20, 91, -117, 
            -9, 92, -125, 113, -123, 26, -86, -59, 
            -114, -117, -127, 90, -112, 96, -61, 17, 
            19, -55, 116, -5, 44, 79, 17, 110, 
            -127, -19, 56, 106, 22, -36, -86, 120, 
            -31, -80, -9, -48, 37, -26, 64, -89, 
            -90, -99, -16, 26, -45, -6, 50, 88, 
            98, -114, 3, -59, 113, 119, -93, -13, 
            117, 99, -16, -72, 82, 103, 24, 35, 
            1, -93, -125, -49, 11, -97, -100, -38, 
            -79, 97, 36, -41, 98, 72, -128, 109, 
            -84, 116, -77, 37, 96, 19, 60, 78, 
            106, 76, 87, 44, -67, 27, -86, -47, 
            -126, -14, -124, 95, 96, 122, 98, 110, 
            29, 76, -13, 32, 17, 86, -126, 119, 
            -84, -121, -48, 104
    )
